   0
   0
   0
   0
   0
   x
   x
   x
   x
   x
  42
  70
  94
 111
 122
 125
 120
 107
  88
  63
  35
   3
 -28
 -57
 -84
-104
-119
-125
-125
-116
-100
 -77
 -50
 -20
  11
  42
  70
  94
 111
 122
 125
 120
 107
  88
  63
  35
   3
 -28
 -57
 -84
-104
-119
-125
-125
-116
-100
 -77
 -50
 -20
  11
  42
  70
  94
 111
 122
 125
 120
 107
  88
  63
  35
   3
 -28
 -57
 -84
-104
-119
-125
-125
-116
-100
 -77
 -50
 -20
  11
  42
  70
  94
 111
 122
 125
 120
 107
  88
  63
  35
   3
 -28
 -57
 -84
-104
-119
-125
-125
-116
-100
 -77
 -50
 -20
  11
  42
  70
  94
 111
 122
 125
 120
 107
  88
  63
  35
   3
 -28
 -57
 -84
-104
-119
-125
-125
-116
-100
 -77
 -50
 -20
  11
  42
  70
  94
 111
 122
 125
 120
 107
  88
  63
  35
   3
 -28
 -57
 -84
-104
-119
-125
-125
-116
-100
 -77
 -50
 -20
  11
  42
  70
  94
 111
 122
 125
 120
 107
  88
  63
  35
   3
 -28
 -57
 -84
-104
-119
-125
-125
-116
-100
 -77
 -50
 -20
  11
  42
  70
  94
 111
 122
 125
 120
 107
  88
  63
  35
   3
 -28
 -57
 -84
-104
-119
-125
-125
-116
-100
 -77
 -50
 -20
  11
  42
  70
  94
 111
 122
 125
 120
 107
  88
  63
  35
   3
 -28
 -57
 -84
-104
-119
-125
-125
-116
-100
 -77
 -50
 -20
  11
  42
  70
  94
 111
 122
 125
 120
 107
  88
  63
  35
   3
 -28
 -57
 -84
-104
-119
-125
-125
-116
-100
 -77
 -50
 -24
 -10
  -9
  -8
  -8
  -8
  -8
  -8
  -8
  -8
  -8
  -8
  -8
  -8
  -8
  -8
  -8
